       Value   Percentile   TotalCount 1/(1-Percentile)

       0.189     0.000000            1         1.00
       2.845     0.100000       348248         1.11
       3.603     0.200000       695644         1.25
       4.135     0.300000      1043796         1.43
       4.551     0.400000      1391678         1.67
       4.919     0.500000      1740028         2.00
       5.095     0.550000      1914665         2.22
       5.271     0.600000      2090193         2.50
       5.443     0.650000      2263085         2.86
       5.623     0.700000      2437280         3.33
       5.815     0.750000      2609819         4.00
       5.915     0.775000      2695206         4.44
       6.027     0.800000      2784432         5.00
       6.143     0.825000      2869232         5.71
       6.275     0.850000      2957463         6.67
       6.419     0.875000      3042975         8.00
       6.499     0.887500      3085908         8.89
       6.591     0.900000      3131039        10.00
       6.687     0.912500      3173837        11.43
       6.795     0.925000      3217529        13.33
       6.919     0.937500      3260843        16.00
       6.987     0.943750      3281571        17.78
       7.067     0.950000      3303426        20.00
       7.159     0.956250      3325396        22.86
       7.267     0.962500      3347045        26.67
       7.399     0.968750      3368581        32.00
       7.479     0.971875      3379450        35.56
       7.575     0.975000      3390299        40.00
       7.687     0.978125      3401057        45.71
       7.823     0.981250      3411974        53.33
       8.007     0.984375      3422708        64.00
       8.151     0.985938      3428185        71.11
       8.335     0.987500      3433550        80.00
       8.679     0.989062      3439044        91.43
       9.343     0.990625      3444445       106.67
      10.263     0.992188      3449869       128.00
      10.751     0.992969      3452595       142.22
      11.319     0.993750      3455306       160.00
      11.799     0.994531      3458004       182.86
      12.151     0.995313      3460719       213.33
      12.663     0.996094      3463454       256.00
      12.967     0.996484      3464795       284.44
      13.415     0.996875      3466141       320.00
      13.879     0.997266      3467515       365.71
      14.503     0.997656      3468863       426.67
      15.247     0.998047      3470210       512.00
      15.727     0.998242      3470889       568.89
      16.383     0.998437      3471581       640.00
      16.799     0.998633      3472249       731.43
      17.231     0.998828      3472935       853.33
      17.695     0.999023      3473618      1024.00
      18.111     0.999121      3473955      1137.78
      18.415     0.999219      3474286      1280.00
      18.767     0.999316      3474634      1462.86
      19.631     0.999414      3474967      1706.67
      20.575     0.999512      3475307      2048.00
      22.479     0.999561      3475474      2275.56
      24.479     0.999609      3475642      2560.00
      25.455     0.999658      3475814      2925.71
      29.839     0.999707      3475983      3413.33
      33.791     0.999756      3476153      4096.00
      36.575     0.999780      3476242      4551.11
      38.751     0.999805      3476323      5120.00
      42.239     0.999829      3476406      5851.43
      43.487     0.999854      3476491      6826.67
      48.063     0.999878      3476576      8192.00
      48.319     0.999890      3476620      9102.22
      49.599     0.999902      3476664     10240.00
      51.039     0.999915      3476704     11702.86
      54.623     0.999927      3476748     13653.33
      55.071     0.999939      3476788     16384.00
      55.487     0.999945      3476810     18204.44
      58.975     0.999951      3476832     20480.00
      59.135     0.999957      3476856     23405.71
      60.287     0.999963      3476876     27306.67
      60.415     0.999969      3476895     32768.00
      60.511     0.999973      3476906     36408.89
      64.255     0.999976      3476919     40960.00
      64.287     0.999979      3476926     46811.43
      64.351     0.999982      3476940     54613.33
      64.383     0.999985      3476947     65536.00
      64.415     0.999986      3476954     72817.78
      64.447     0.999988      3476960     81920.00
      64.543     0.999989      3476963     93622.86
      64.575     0.999991      3476970    109226.67
      64.607     0.999992      3476975    131072.00
      64.639     0.999993      3476980    145635.56
      64.639     0.999994      3476980    163840.00
      64.671     0.999995      3476986    187245.71
      64.671     0.999995      3476986    218453.33
      64.703     0.999996      3476992    262144.00
      64.703     0.999997      3476992    291271.11
      64.703     0.999997      3476992    327680.00
      64.703     0.999997      3476992    374491.43
      64.735     0.999998      3476998    436906.67
      64.735     0.999998      3476998    524288.00
      64.735     0.999998      3476998    582542.22
      64.735     0.999998      3476998    655360.00
      64.735     0.999999      3476998    748982.86
      64.735     0.999999      3476998    873813.33
      64.735     0.999999      3476998   1048576.00
      64.735     0.999999      3476998   1165084.44
      64.735     0.999999      3476998   1310720.00
      64.735     0.999999      3476998   1497965.71
      64.767     0.999999      3477000   1747626.67
      64.767     1.000000      3477000          inf
#[Mean    =        4.881, StdDeviation   =        1.777]
#[Max     =       64.736, Total count    =      3477000]
#[Buckets =           27, SubBuckets     =         2048]
