       Value   Percentile   TotalCount 1/(1-Percentile)

       0.031     0.000000            1         1.00
       0.842     0.100000       348419         1.11
       1.262     0.200000       695788         1.25
       1.606     0.300000      1043519         1.43
       1.911     0.400000      1391605         1.67
       2.233     0.500000      1740070         2.00
       2.423     0.550000      1912901         2.22
       2.649     0.600000      2087588         2.50
       2.893     0.650000      2260348         2.86
       3.155     0.700000      2434861         3.33
       3.427     0.750000      2608630         4.00
       3.569     0.775000      2695048         4.44
       3.733     0.800000      2781898         5.00
       3.919     0.825000      2868544         5.71
       4.107     0.850000      2957035         6.67
       4.263     0.875000      3043150         8.00
       4.343     0.887500      3087457         8.89
       4.431     0.900000      3131075        10.00
       4.539     0.912500      3173939        11.43
       4.671     0.925000      3217457        13.33
       4.807     0.937500      3260814        16.00
       4.867     0.943750      3281824        17.78
       4.927     0.950000      3304139        20.00
       4.987     0.956250      3326194        22.86
       5.047     0.962500      3346654        26.67
       5.123     0.968750      3368787        32.00
       5.163     0.971875      3379378        35.56
       5.211     0.975000      3390637        40.00
       5.263     0.978125      3401320        45.71
       5.323     0.981250      3411970        53.33
       5.399     0.984375      3422951        64.00
       5.443     0.985938      3428127        71.11
       5.499     0.987500      3433674        80.00
       5.567     0.989062      3439015        91.43
       5.651     0.990625      3444481       106.67
       5.771     0.992188      3449899       128.00
       5.863     0.992969      3452591       142.22
       5.979     0.993750      3455348       160.00
       6.135     0.994531      3458027       182.86
       6.383     0.995313      3460710       213.33
       6.951     0.996094      3463431       256.00
       7.471     0.996484      3464778       284.44
       8.139     0.996875      3466140       320.00
       8.831     0.997266      3467508       365.71
       9.575     0.997656      3468869       426.67
      10.183     0.998047      3470212       512.00
      10.439     0.998242      3470906       568.89
      10.687     0.998437      3471569       640.00
      10.895     0.998633      3472277       731.43
      11.143     0.998828      3472936       853.33
      11.583     0.999023      3473608      1024.00
      11.951     0.999121      3473951      1137.78
      12.375     0.999219      3474284      1280.00
      13.071     0.999316      3474626      1462.86
      14.503     0.999414      3474963      1706.67
      15.255     0.999512      3475306      2048.00
      15.823     0.999561      3475473      2275.56
      16.031     0.999609      3475646      2560.00
      16.215     0.999658      3475817      2925.71
      16.431     0.999707      3475985      3413.33
      16.607     0.999756      3476159      4096.00
      16.671     0.999780      3476242      4551.11
      16.751     0.999805      3476328      5120.00
      16.895     0.999829      3476417      5851.43
      17.055     0.999854      3476494      6826.67
      17.439     0.999878      3476576      8192.00
      18.175     0.999890      3476620      9102.22
      18.431     0.999902      3476662     10240.00
      18.687     0.999915      3476704     11702.86
      20.335     0.999927      3476746     13653.33
      23.855     0.999939      3476792     16384.00
      23.903     0.999945      3476819     18204.44
      23.935     0.999951      3476838     20480.00
      23.967     0.999957      3476852     23405.71
      48.063     0.999963      3476874     27306.67
      48.127     0.999969      3476900     32768.00
      54.143     0.999973      3476905     36408.89
      62.303     0.999976      3476922     40960.00
      62.335     0.999979      3476927     46811.43
      62.431     0.999982      3476939     54613.33
      62.655     0.999985      3476947     65536.00
      62.719     0.999986      3476957     72817.78
      62.751     0.999988      3476963     81920.00
      62.751     0.999989      3476963     93622.86
      62.815     0.999991      3476970    109226.67
      62.847     0.999992      3476976    131072.00
      62.879     0.999993      3476978    145635.56
      62.911     0.999994      3476979    163840.00
      63.263     0.999995      3476984    187245.71
      63.295     0.999995      3476989    218453.33
      63.295     0.999996      3476989    262144.00
      63.295     0.999997      3476989    291271.11
      63.391     0.999997      3476994    327680.00
      63.391     0.999997      3476994    374491.43
      63.391     0.999998      3476994    436906.67
      63.391     0.999998      3476994    524288.00
      63.423     0.999998      3476997    582542.22
      63.423     0.999998      3476997    655360.00
      63.423     0.999999      3476997    748982.86
      63.423     0.999999      3476997    873813.33
      63.423     0.999999      3476997   1048576.00
      63.455     0.999999      3476999   1165084.44
      63.455     0.999999      3476999   1310720.00
      63.455     0.999999      3476999   1497965.71
      63.455     0.999999      3476999   1747626.67
      63.455     1.000000      3476999   2097152.00
      63.455     1.000000      3476999   2330168.89
      63.455     1.000000      3476999   2621440.00
      63.455     1.000000      3476999   2995931.43
      63.487     1.000000      3477000   3495253.33
      63.487     1.000000      3477000          inf
#[Mean    =        2.497, StdDeviation   =        1.464]
#[Max     =       63.456, Total count    =      3477000]
#[Buckets =           27, SubBuckets     =         2048]
