       Value   Percentile   TotalCount 1/(1-Percentile)

       0.181     0.000000            1         1.00
       4.683     0.100000       463449         1.11
       6.371     0.200000       926599         1.25
       7.059     0.300000      1391443         1.43
       7.543     0.400000      1854516         1.67
       8.071     0.500000      2316639         2.00
       8.391     0.550000      2548364         2.22
       8.735     0.600000      2780366         2.50
       9.103     0.650000      3015573         2.86
       9.495     0.700000      3242873         3.33
       9.983     0.750000      3476757         4.00
      10.239     0.775000      3589929         4.44
      10.503     0.800000      3708091         5.00
      10.751     0.825000      3822008         5.71
      11.015     0.850000      3940563         6.67
      11.279     0.875000      4055755         8.00
      11.415     0.887500      4114180         8.89
      11.551     0.900000      4170569        10.00
      11.703     0.912500      4229680        11.43
      11.863     0.925000      4285932        13.33
      12.055     0.937500      4343887        16.00
      12.167     0.943750      4371834        17.78
      12.311     0.950000      4401832        20.00
      12.479     0.956250      4429929        22.86
      12.735     0.962500      4459002        26.67
      13.271     0.968750      4487322        32.00
      13.839     0.971875      4501733        35.56
      14.791     0.975000      4516253        40.00
      16.127     0.978125      4530742        45.71
      17.503     0.981250      4545174        53.33
      19.071     0.984375      4559680        64.00
      19.871     0.985938      4566889        71.11
      20.927     0.987500      4574107        80.00
      21.695     0.989062      4581406        91.43
      22.655     0.990625      4588632       106.67
      23.903     0.992188      4595884       128.00
      24.575     0.992969      4599469       142.22
      25.247     0.993750      4603086       160.00
      26.079     0.994531      4606701       182.86
      27.023     0.995313      4610343       213.33
      28.255     0.996094      4613913       256.00
      29.007     0.996484      4615720       284.44
      29.743     0.996875      4617563       320.00
      30.703     0.997266      4619341       365.71
      31.951     0.997656      4621154       426.67
      35.295     0.998047      4622963       512.00
      40.543     0.998242      4623860       568.89
      48.319     0.998437      4624775       640.00
      57.439     0.998633      4625672       731.43
      73.599     0.998828      4626577       853.33
      86.783     0.999023      4627477      1024.00
      96.895     0.999121      4627930      1137.78
     111.999     0.999219      4628387      1280.00
     128.511     0.999316      4628837      1462.86
     145.407     0.999414      4629286      1706.67
     160.255     0.999512      4629766      2048.00
     165.375     0.999561      4629966      2275.56
     172.159     0.999609      4630191      2560.00
     211.327     0.999658      4630419      2925.71
     283.135     0.999707      4630652      3413.33
     356.607     0.999756      4630870      4096.00
     396.799     0.999780      4630984      4551.11
     441.855     0.999805      4631097      5120.00
     483.071     0.999829      4631213      5851.43
     524.287     0.999854      4631322      6826.67
     563.199     0.999878      4631435      8192.00
     586.751     0.999890      4631492      9102.22
     610.303     0.999902      4631550     10240.00
     633.855     0.999915      4631605     11702.86
     651.775     0.999927      4631664     13653.33
     673.279     0.999939      4631723     16384.00
     684.543     0.999945      4631746     18204.44
     695.807     0.999951      4631774     20480.00
     707.583     0.999957      4631806     23405.71
     717.311     0.999963      4631831     27306.67
     725.503     0.999969      4631860     32768.00
     733.695     0.999973      4631874     36408.89
     737.279     0.999976      4631888     40960.00
     743.935     0.999979      4631902     46811.43
     749.567     0.999982      4631920     54613.33
     756.223     0.999985      4631934     65536.00
     757.759     0.999986      4631938     72817.78
     761.855     0.999988      4631955     81920.00
     761.855     0.999989      4631955     93622.86
     763.903     0.999991      4631959    109226.67
     765.951     0.999992      4631971    131072.00
     765.951     0.999993      4631971    145635.56
     771.071     0.999994      4631975    163840.00
     771.583     0.999995      4631980    187245.71
     771.583     0.999995      4631980    218453.33
     775.679     0.999996      4631986    262144.00
     775.679     0.999997      4631986    291271.11
     775.679     0.999997      4631986    327680.00
     779.263     0.999997      4632000    374491.43
     779.263     1.000000      4632000          inf
#[Mean    =        8.643, StdDeviation   =       10.498]
#[Max     =      778.752, Total count    =      4632000]
#[Buckets =           27, SubBuckets     =         2048]
