       Value   Percentile   TotalCount 1/(1-Percentile)

       0.022     0.000000            1         1.00
       1.277     0.100000       463554         1.11
       1.974     0.200000       926555         1.25
       2.577     0.300000      1390282         1.43
       3.163     0.400000      1853116         1.67
       3.785     0.500000      2317029         2.00
       4.159     0.550000      2547750         2.22
       4.579     0.600000      2781260         2.50
       5.035     0.650000      3011917         2.86
       5.519     0.700000      3242728         3.33
       5.995     0.750000      3475791         4.00
       6.203     0.775000      3590153         4.44
       6.407     0.800000      3705807         5.00
       6.655     0.825000      3821891         5.71
       7.003     0.850000      3937230         6.67
       7.399     0.875000      4054125         8.00
       7.579     0.887500      4111759         8.89
       7.767     0.900000      4169458        10.00
       8.003     0.912500      4226730        11.43
       8.303     0.925000      4284631        13.33
       8.607     0.937500      4342814        16.00
       8.751     0.943750      4372073        17.78
       8.895     0.950000      4400579        20.00
       9.031     0.956250      4429820        22.86
       9.159     0.962500      4459296        26.67
       9.279     0.968750      4487408        32.00
       9.343     0.971875      4501731        35.56
       9.415     0.975000      4516314        40.00
       9.495     0.978125      4530697        45.71
       9.591     0.981250      4545412        53.33
       9.719     0.984375      4559965        64.00
       9.815     0.985938      4567118        71.11
       9.943     0.987500      4574222        80.00
      10.135     0.989062      4581425        91.43
      10.447     0.990625      4588642       106.67
      11.207     0.992188      4595860       128.00
      11.847     0.992969      4599444       142.22
      12.847     0.993750      4603054       160.00
      14.639     0.994531      4606671       182.86
      16.687     0.995313      4610294       213.33
      18.831     0.996094      4613922       256.00
      20.095     0.996484      4615738       284.44
      21.279     0.996875      4617531       320.00
      22.079     0.997266      4619336       365.71
      22.863     0.997656      4621165       426.67
      23.359     0.998047      4623011       512.00
      23.583     0.998242      4623883       568.89
      23.807     0.998437      4624792       640.00
      24.095     0.998633      4625683       731.43
      24.463     0.998828      4626601       853.33
      24.847     0.999023      4627507      1024.00
      25.071     0.999121      4627960      1137.78
      25.279     0.999219      4628383      1280.00
      25.615     0.999316      4628858      1462.86
      25.999     0.999414      4629293      1706.67
      26.927     0.999512      4629747      2048.00
      27.471     0.999561      4629972      2275.56
      27.903     0.999609      4630194      2560.00
      28.623     0.999658      4630422      2925.71
      29.071     0.999707      4630647      3413.33
      29.823     0.999756      4630870      4096.00
      33.215     0.999780      4630985      4551.11
      34.079     0.999805      4631096      5120.00
      34.879     0.999829      4631209      5851.43
      40.543     0.999854      4631322      6826.67
      56.095     0.999878      4631457      8192.00
      56.191     0.999890      4631499      9102.22
      66.431     0.999902      4631549     10240.00
      78.591     0.999915      4631609     11702.86
      87.871     0.999927      4631661     13653.33
      87.999     0.999939      4631732     16384.00
      88.063     0.999945      4631773     18204.44
      88.127     0.999951      4631810     20480.00
      88.127     0.999957      4631810     23405.71
      88.191     0.999963      4631840     27306.67
      92.159     0.999969      4631859     32768.00
      94.271     0.999973      4631873     36408.89
      95.935     0.999976      4631887     40960.00
      97.791     0.999979      4631902     46811.43
     100.671     0.999982      4631917     54613.33
     102.719     0.999985      4631930     65536.00
     103.487     0.999986      4631938     72817.78
     104.703     0.999988      4631944     81920.00
     138.495     0.999989      4631951     93622.86
     144.511     0.999991      4631958    109226.67
     317.951     0.999992      4631966    131072.00
     743.423     0.999993      4631971    145635.56
     743.935     0.999994      4631972    163840.00
     759.807     0.999995      4631979    187245.71
     759.807     0.999995      4631979    218453.33
     764.415     0.999996      4631986    262144.00
     764.415     0.999997      4631986    291271.11
     764.415     0.999997      4631986    327680.00
     764.927     0.999997      4631989    374491.43
     773.631     0.999998      4631993    436906.67
     773.631     0.999998      4631993    524288.00
     773.631     0.999998      4631993    582542.22
     773.631     0.999998      4631993    655360.00
     777.727     0.999999      4631997    748982.86
     777.727     0.999999      4631997    873813.33
     777.727     0.999999      4631997   1048576.00
     777.727     0.999999      4631997   1165084.44
     777.727     0.999999      4631997   1310720.00
     777.727     0.999999      4631997   1497965.71
     778.239     0.999999      4632000   1747626.67
     778.239     1.000000      4632000          inf
#[Mean    =        4.312, StdDeviation   =        3.515]
#[Max     =      777.728, Total count    =      4632000]
#[Buckets =           27, SubBuckets     =         2048]
