       Value   Percentile   TotalCount 1/(1-Percentile)

      16.000     0.000000            1         1.00
    4455.000     0.100000       109166         1.11
   10367.000     0.200000       218441         1.25
   14383.000     0.300000       327522         1.43
   19471.000     0.400000       436590         1.67
   30447.000     0.500000       545740         2.00
   39519.000     0.550000       600381         2.22
   52191.000     0.600000       654888         2.50
   68223.000     0.650000       709558         2.86
   87807.000     0.700000       763927         3.33
  109951.000     0.750000       818641         4.00
  121791.000     0.775000       845803         4.44
  134399.000     0.800000       873094         5.00
  150911.000     0.825000       900473         5.71
  186495.000     0.850000       927626         6.67
  258303.000     0.875000       954920         8.00
  356351.000     0.887500       968559         8.89
  505087.000     0.900000       982215        10.00
  676351.000     0.912500       995841        11.43
  863743.000     0.925000      1009492        13.33
 1067007.000     0.937500      1023145        16.00
 1181695.000     0.943750      1029991        17.78
 1363967.000     0.950000      1036758        20.00
 1889279.000     0.956250      1043588        22.86
 2480127.000     0.962500      1050404        26.67
 3108863.000     0.968750      1057243        32.00
 3452927.000     0.971875      1060633        35.56
 3821567.000     0.975000      1064053        40.00
 4206591.000     0.978125      1067484        45.71
 4591615.000     0.981250      1070864        53.33
 4988927.000     0.984375      1074290        64.00
 5193727.000     0.985938      1075999        71.11
 5402623.000     0.987500      1077691        80.00
 5623807.000     0.989062      1079393        91.43
 5881855.000     0.990625      1081093       106.67
 6164479.000     0.992188      1082817       128.00
 6307839.000     0.992969      1083659       142.22
 6455295.000     0.993750      1084511       160.00
 6602751.000     0.994531      1085360       182.86
 6758399.000     0.995313      1086216       213.33
 6938623.000     0.996094      1087066       256.00
 7057407.000     0.996484      1087500       284.44
 7180287.000     0.996875      1087921       320.00
 7315455.000     0.997266      1088345       365.71
 7458815.000     0.997656      1088775       426.67
 7614463.000     0.998047      1089198       512.00
 7696383.000     0.998242      1089413       568.89
 7782399.000     0.998437      1089619       640.00
 7876607.000     0.998633      1089835       731.43
 7970815.000     0.998828      1090048       853.33
 8073215.000     0.999023      1090260      1024.00
 8126463.000     0.999121      1090366      1137.78
 8179711.000     0.999219      1090473      1280.00
 8237055.000     0.999316      1090583      1462.86
 8302591.000     0.999414      1090691      1706.67
 8376319.000     0.999512      1090794      2048.00
 8413183.000     0.999561      1090847      2275.56
 8454143.000     0.999609      1090904      2560.00
 8536063.000     0.999658      1090951      2925.71
 8642559.000     0.999707      1091009      3413.33
 8732671.000     0.999756      1091061      4096.00
 8781823.000     0.999780      1091086      4551.11
 8830975.000     0.999805      1091115      5120.00
 8880127.000     0.999829      1091140      5851.43
 8929279.000     0.999854      1091169      6826.67
 8978431.000     0.999878      1091194      8192.00
 9003007.000     0.999890      1091210      9102.22
 9027583.000     0.999902      1091222     10240.00
 9052159.000     0.999915      1091235     11702.86
 9068543.000     0.999927      1091246     13653.33
 9117695.000     0.999939      1091259     16384.00
 9142271.000     0.999945      1091266     18204.44
 9166847.000     0.999951      1091273     20480.00
 9191423.000     0.999957      1091279     23405.71
 9215999.000     0.999963      1091285     27306.67
 9248767.000     0.999969      1091291     32768.00
 9273343.000     0.999973      1091295     36408.89
 9289727.000     0.999976      1091298     40960.00
 9306111.000     0.999979      1091302     46811.43
 9330687.000     0.999982      1091306     54613.33
 9338879.000     0.999985      1091308     65536.00
 9355263.000     0.999986      1091311     72817.78
 9355263.000     0.999988      1091311     81920.00
 9371647.000     0.999989      1091314     93622.86
 9379839.000     0.999991      1091315    109226.67
 9388031.000     0.999992      1091317    131072.00
 9388031.000     0.999993      1091317    145635.56
 9396223.000     0.999994      1091318    163840.00
 9404415.000     0.999995      1091320    187245.71
 9404415.000     0.999995      1091320    218453.33
 9404415.000     0.999996      1091320    262144.00
 9412607.000     0.999997      1091321    291271.11
 9412607.000     0.999997      1091321    327680.00
 9420799.000     0.999997      1091323    374491.43
 9420799.000     0.999998      1091323    436906.67
 9420799.000     0.999998      1091323    524288.00
 9420799.000     0.999998      1091323    582542.22
 9420799.000     0.999998      1091323    655360.00
 9420799.000     0.999999      1091323    748982.86
 9420799.000     0.999999      1091323    873813.33
 9420799.000     0.999999      1091323   1048576.00
 9428991.000     0.999999      1091324   1165084.44
 9428991.000     1.000000      1091324          inf
#[Mean    =   297175.198, StdDeviation   =   976346.386]
#[Max     =  9420800.000, Total count    =      1091324]
#[Buckets =           27, SubBuckets     =         2048]