       Value   Percentile   TotalCount 1/(1-Percentile)

      17.000     0.000000            7         1.00
    4747.000     0.100000       110499         1.11
   10791.000     0.200000       221161         1.25
   17311.000     0.300000       331501         1.43
  136319.000     0.400000       441939         1.67
 1418239.000     0.500000       813215         2.00
 1418239.000     0.550000       813215         2.22
 1418239.000     0.600000       813215         2.50
 1418239.000     0.650000       813215         2.86
 1418239.000     0.700000       813215         3.33
 1477631.000     0.750000       965043         4.00
 1477631.000     0.775000       965043         4.44
 1477631.000     0.800000       965043         5.00
 1477631.000     0.825000       965043         5.71
 1477631.000     0.850000       965043         6.67
 1510399.000     0.875000      1068006         8.00
 1510399.000     0.887500      1068006         8.89
 1510399.000     0.900000      1068006        10.00
 1510399.000     0.912500      1068006        11.43
 1510399.000     0.925000      1068006        13.33
 1510399.000     0.937500      1068006        16.00
 1510399.000     0.943750      1068006        17.78
 1510399.000     0.950000      1068006        20.00
 1510399.000     0.956250      1068006        22.86
 1510399.000     0.962500      1068006        26.67
 1511423.000     0.968750      1104769        32.00
 1511423.000     1.000000      1104769          inf
#[Mean    =   856989.679, StdDeviation   =   705812.584]
#[Max     =  1510400.000, Total count    =      1104769]
#[Buckets =           27, SubBuckets     =         2048]